39772
39771
39770
39769
39766
39765
39764
39763
39762
39761
39760
39759
39758
39757
39756
39755
39754
39753
39752
39751
39750
39749
39746
39745
39744
39743
39742
39741
39740
39739
39738
39737
39736
39735
39734
39733
39732
39731
39730
39728
39729
39727
39726
39725
39724
39723
39722
39721
39720
39719
39718
39717
39716
39715
39714
39713
39712
39711
39710
39709
39708
39707
39706
39697
39696
39695
39694
39692
39691
39690
39689
39688
39687
39686
39685
39684
39683
39682
39681
39680
39679
39678
39677
39676
39675
39674
39673
39672
39671
39670
39669
39668
39667
39666
44484
39665
39664
39663
39662
39660
39659
39658
39657
39656
39655
39654
39653
39652
39651
39650
39649
39648
39647
39646
39645
39644
39643
39642
39641
39640
39639
39638
39637
39636
39635
39634
39633
39632
39631
39630
39629
39628
39627
39626
39625
39624
39623
39622
39621
39620
39619
39618
39617
39616
39615
39614
39613
39611
39610
39609
39608
39607
39606
39605
39604
39603
39602
39601
39600
39599
39598
39597
39596
39595
39594
39593
39592
39591
39590
39589
39588
39587
39586
39585
39584
39583
39582
39581
39580
39579
39578
39577
39576
39575
39574
39573
39572
39571
39570
39569
39568
39567
39566
39565
39563
39564
39562
39561
39560
39559
39558
39557
39556
39555
39554
39553
39552
39551
39550
39549
39548
39547
39546
39545
39544
39543
39542
39541
39540
39539
39538
39537
39536
39535
39534
39533
39532
39531
39530
39529
39528
39527
39526
39525
39524
39523
39522
39521
39520
39519
39518
39517
39516
39515
39514
39513
39512
39511
39510
39509
39508
39507
39506
39505
39504
39503
39502
39501
39500
39499
39497
39498
39496
39495
39494
39493
39492
39491
39490
39489
39488
39487
39486
39485
39484
39483
39482
39481
39480
39479
39478
39476
39474
39473
39472
39471
39470
39469
39468
39467
39466
39465
39464
39463
39462
39461
39460
39459
39458
39457
39456
39455
39453
39452
39451
39449
39450
39448
39447
39446
39445
39443
39444
39442
39441
39439
39440
39438
39437
39436
39435
39434
39433
39432
39431
39430
39429
39428
39427
39426
39425
39424
39423
39422
39421
39420
39419
39418
39417
39416
39415
39414
39413
39412
39411
39410
39409
39408
39407
39406
39404
39403
39402
39401
39400
39399
39398
39397
39396
39395
39394
39393
39392
39391
39390
39389
39388
39387
39386
39385
39384
39383
39382
39381
44317
39379
39380
39378
39377
39376
39375
39374
39372
39373
39371
39370
39368
39369
39367
39366
39365
39364
39363
39362
39361
39360
39359
39358
39357
39356
39355
39354
39353
39352
39351
39350
39349
39348
39347
39346
39345
39344
39343
39342
39341
39340
39339
39338
39337
39336
39335
39334
39333
39332
39331
39330
39329
39328
39327
39326
39325
39324
39323
39322
39321
39320
39319
39318
39317
39316
39315
39314
39313
39312
39311
39310
39309
39308
39305
39307
39306
39304
39303
39293
39297
39296
39295
39294
39302
39292
39301
39300
39299
39298
39291
39290
39289
39288
39287
39285
39284
39283
39282
39281
39280
39279
39278
39277
39276
39275
39274
39273
39272
39271
39270
39269
39268
39267
39266
39265
39264
39263
39262
39261
39260
39259
39258
39257
39256
39255
39254
39253
39252
39251
39250
39249
39248
39247
39246
39245
39244
39243
39242
39241
39240
39239
39238
39233
39229
39223
39220
39219
39218
39217
39215
39213
39211
39214
39212
39210
39209
39208
39207
39206
39205
39204
39203
39202
39201
39200
39199
39198
39197
39196
39195
39194
39193
39192
39191
39190
39189
39188
39187
39186
39185
39184
39183
36859
39182
39181
39180
39179
39178
39177
39176
39175
39174
39173
39172
39171
39170
39169
39168
39167
39166
39165
39164
39163
39162
39161
39160
39159
39158
39157
39156
39155
39154
39149
39153
39152
39151
39150
39148
39147
39146
39145
39144
39143
39142
39141
39140
39139
39138
39137
39136
39135
39134
39133
39132
39131
39130
39129
39128
39127
39126
39125
39124
39123
39122
39121
39120
39119
39118
39117
39116
39115
39114
39113
39112
39111
39110
39109
39108
39107
39106
39105
39104
39103
39102
39101
39100
39099
39098
39097
39096
39095
39094
39093
39090
39089
39086
39085
39084
39083
39082
39081
39080
39079
39078
39077
39076
39070
39069
39056
39057
39059
39058
39055
39068
39067
39066
39065
39064
39063
39062
39061
39060
39054
39053
39052
39051
39050
39049
39048
39047
39046
39045
39044
39043
39042
39041
39039
39040
39038
39037
39036
39035
39034
39033
39032
39031
39030
39029
39028
39027
39026
39025
39024
39023
39022
39021
39020
39019
39018
39017
39016
39015
39014
39013
39012
39011
39010
39009
39008
39007
39006
39005
39004
39003
39002
39001
39000
38999
38998
38997
38996
38995
38994
38993
38992
38991
38990
38989
38988
38987
38986
38985
38984
38983
38982
38981
38980
38979
38978
38977
38976
38975
38974
38973
38972
38971
38969
38968
38967
38966
38965
38964
38963
38962
38961
38960
38959
38957
38956
38955
38954
38953
38952
38951
38950
38949
38948
38947
38946
38945
38944
38943
38942
38941
38940
38939
38938
38937
38936
38935
38934
38933
38932
38931
38930
38929
38928
38927
38926
38925
38924
38923
38922
38921
38920
38919
38918
38917
38916
38915
38914
38913
38912
38911
43929
38910
38909
38908
38907
38905
38906
38904
38903
38902
38901
38900
38899
38898
38897
38896
38895
38894
38893
38892
38891
38890
38888
38887
38886
38885
38884
38883
38882
38881
38880
38879
38878
38877
38876
38875
38874
38873
38872
38871
38870
38869
38868
38867
38866
38865
38864
38863
38862
38861
38860
38859
38858
38856
38855
38854
38853
38852
38851
38850
38849
38848
38847
38846
38844
38845
38843
38842
38841
38840
38839
38838
38837
38836
38835
38834
38833
38832
38831
38830
38829
38828
38827
38826
38824
38825
38823
38822
38821
38820
38819
38818
38817
38816
38815
38814
38813
38812
38811
38810
38809
38808
38806
38805
38804
38802
38803
38801
38800
38799
38797
38796
38795
38794
38793
38792
38791
38790
38789
38788
38787
38786
38785
38784
38783
38782
38781
38780
38779
38778
38777
38776
38775
38774
38773
38697
38541
38540
38539
38538
38537
38536
38535
38534
38533
38532
38531
38530
38529
38528
38527
38526
38525
38524
38523
38521
38520
38519
38518
38517
38515
38514
38513
38512
38511
38510
38509
38508
38507
38506
38505
38504
38502
38501
38500
38499
38498
38492
38491
38490
38489
38488
38487
38486
38485
38484
38483
38482
38481
38480
38479
38478
38477
38476
38475
38474
38473
38472
38471
38470
38469
38468
38467
38465
38464
38463
38462
38461
38460
38459
38458
38457
38456
38455
38454
38453
38452
38451
38450
38449
38447
38448
38446
38445
38444
38443
38442
38441
38440
38439
38438
38437
38436
38435
38431
38430
38429
38428
38427
38426
38425
38424
38423
38422
38421
38420
38419
38418
38417
38413
38416
38412
38414
38415
43583
38411
38410
38409
38408
38407
38406
38405
38404
38403
38402
38401
38400
38399
38398
38397
38396
38395
38394
38393
38392
38259
38258
38257
38256
38254
38253
38252
38251
38250
38249
38248
38247
38245
38244
38243
38242
38241
38240
38239
38236
38235
38234
38233
38232
38231
38230
38229
38228
38227
38226
38225
38224
38223
38222
38221
38220
38219
38218
38217
38216
38215
38214
38213
38212
38211
38210
38209
38208
38207
38206
38205
38204
38203
38202
38201
38200
38199
38198
38197
38196
38195
38194
38193
38192
38191
38190
38189
38188
38187
38186
38185
38184
38183
38182
38181
38180
38179
38178
38177
38176
38175
38174
38173
38172
38170
38168
38167
38166
38165
38164
38163
38162
38161
38160
38159
38158
38157
38156
38154
38155
38153
38152
38151
38150
38149
38148
38147
38146
38145
38144
38143
38137
38135
38134
38133
38132
38131
38130
38129
38128
38127
38122
38121
38120
38118
38117
38116
38115
38114
38113
38112
38111
38110
38109
38108
38107
38106
38105
38104
38103
38102
38101
38100
38099
38098
38097
38096
38095
38094
38092
38091
38089
38088
38087
38086
38081
38080
38084
38082
38079
38078
38077
38076
38075
38074
38072
38068
38067
38066
38065
38064
38063
38062
38061
38060
38059
38058
38057
38056
38055
38054
38053
38052
38051
38050
38049
38048
38047
38046
38045
38044
38041
38039
38038
38037
38035
38034
38033
38032
38031
38030
38029
38028
38027
38026
38025
38024
38021
38020
38019
38018
38015
38011
38010
37936
37934
37933
37932
37931
37930
37928
37929
37927
37926
37925
37924
37923
37922
37921
37920
37919
37918
37917
37916
37915
37914
37913
37912
37911
37835
37834
37833
37832
37831
37830
37829
37828
37827
37826
37825
37824
37823
37822
37821
37820
37819
37818
37817
37816
37815
37814
37813
37812
37811
37810
37809
37808
37807
37806
37805
37804
37803
37802
37801
37800
37799
37798
37797
37796
37795
37794
37793
37792
37791
37790
37789
37788
37787
13280
13279
13278
13277
13276
37786
37785
37784
37783
37782
37781
37780
37779
37778
37777
37776
37775
37772
37771
37770
37769
37768
37767
37766
37765
37764
37763
37762
37761
37760
37759
37758
37757
37756
37755
37754
37753
37752
37751
37750
37749
37748
37747
37746
37744
37745
37742
37740
37739
37736
37733
37732
37731
37699
37722
37710
37714
37715
37713
37708
37711
37707
37725
37706
37709
37719
37717
37718
37721
37701
37726
37698
37703
37700
37705
37720
37723
37716
37724
37697
37696
37695
37694
37693
37692
37691
37690
37689
37688
37687
37686
37685
37684
37683
37682
37681
37680
37679
37678
37677
37676
37675
37674
37673
37672
37670
37669
37668
37667
37666
37665
37664
37663
37662
37661
37660
37659
37658
37657
37655
37654
37653
37652
37651
37650
37649
37648
37647
37646
37645
37644
37643
37642
37641
37640
37639
37638
37637
37636
37635
37634
37560
37559
37558
37557
37554
37556
37555
37553
37551
37552
37550
37549
37548
37547
37546
37545
37544
37543
37541
37542
37540
37539
37538
37537
37536
37535
37534
37533
37532
37531
37530
37529
37528
37527
37526
37525
37524
37523
37522
37521
37520
37519
37518
37517
37516
37515
37514
37513
37512
37511
37510
37509
37508
37507
37506
37505
37504
37503
37502
37501
37500
37499
37498
37497
37496
37495
37494
37493
37492
37491
37490
37486
37485
37484
37483
37482
37481
37479
37480
37478
37477
37475
37473
37472
37470
37469
37468
37465
37464
37463
37462
37461
37460
37459
37458
37457
37456
37455
37454
37453
37452
37451
37450
37449
37448
37447
37446
37445
37444
37443
37442
37441
37440
37439
37436
37435
37434
37433
37432
37431
37430
37428
37427
37426
37425
37424
37423
37422
37421
37420
37419
37418
37417
37416
37415
37414
37412
37411
37410
37409
37408
37407
37406
37402
37400
37399
37398
37397
37396
37395
37394
37393
37392
37391
37390
37389
37388
37387
37386
37385
37384
37383
37382
37381
37380
37379
37378
37377
37376
37375
37369
37368
37367
37366
37364
37363
37362
37361
37356
37355
37354
37353
37352
37350
37349
37348
37347
37346
37345
37344
37343
37342
37341
37340
37339
37338
37337
37335
37336
37329
37328
37327
37326
37324
37323
37228
37226
37225
37224
37223
37222
37221
37220
37219
37178
37176
37173
37172
37171
37170
37169
37168
37167
37166
37165
37164
37149
37148
37147
37146
37145
37144
37143
37142
37141
37140
37139
37138
37137
37136
37135
37134
37133
37132
37131
37130
37129
37128
37127
37126
37125
37124
37123
37122
37121
37120
37119
37118
37117
37116
37113
37112
37111
37110
37109
37108
37107
